65 81 93 2 87 58 67 89 12 64 45 72 74 19 73 41 39 17 89 46 30 68 29 19 46 29 73 15 86 70 64 12 92 61 6 88 72 51 29 93 40 6 89 7 28 1 16 51 61 86 70 89 90 62 7 70 21 41 24 8 49 34 6 17 72 16 48 75 78 0 42 38 68 18 14 9 66 26 38 68 63 3 91 18 16 14 48 31 69 59 74 23 0 24 23 52 32 8 38 22
3 54 18 78 52 19 56 86 55 11 62 5 60 52 22 96 39 37 4 33 27 52 39 68 26 46 60 4 73 21 18 96 34 76 24 20 15 16 62 30 99 36 59 51 47 15 18 54 17 15 15 19 81 69 21 81 8 60 66 49 31 36 46 27 29 29 47 63 73 15 66 0 32 4 71 40 51 99 50 75 78 29 8 34 5 97 44 51 76 16 8 35 9 88 62 24 44 9 41 25
55 12 80 70 50 96 66 91 91 77 3 42 56 97 30 42 90 48 93 60 41 95 17 25 44 2 60 1 71 80 23 62 10 9 18 5 66 27 99 3 15 58 73 72 29 35 33 50 0 12 83 15 88 5 37 41 25 33 68 76 37 9 62 92 31 28 98 62 40 99 93 41 48 94 67 10 59 1 22 91 60 93 9 15 31 86 13 39 96 31 79 32 48 77 14 66 73 37 25 2
2 4 58 50 90 67 93 82 62 74 21 20 24 81 99 98 35 54 56 67 38 55 40 2 87 62 67 65 46 16 35 50 64 90 2 73 54 38 62 72 13 33 71 49 82 44 1 85 67 32 55 15 67 1 13 14 67 75 2 51 45 40 4 95 96 51 77 10 45 83 67 44 15 54 65 62 50 92 1 96 93 94 20 55 50 99 52 43 51 53 42 16 53 64 21 92 28 67 22 13
39 28 18 83 38 6 42 22 44 44 27 39 13 59 72 24 35 25 2 3 11 13 0 34 10 49 93 57 45 32 20 88 84 45 35 75 43 50 74 38 82 83 3 34 21 10 36 82 5 23 0 29 69 3 83 82 83 58 65 99 10 49 18 84 61 6 70 32 28 48 59 49 52 98 7 3 6 63 81 31 19 86 28 86 70 14 96 86 16 21 18 63 21 30 8 47 4 59 47 73
24 12 5 73 7 26 27 99 29 13 3 6 36 5 33 43 13 12 39 76 21 9 82 41 72 25 57 32 84 91 9 27 95 78 22 64 72 48 84 18 83 19 27 5 85 31 95 5 3 46 95 60 89 45 33 56 62 38 34 20 46 13 42 83 38 28 47 41 80 41 31 38 97 55 78 77 1 35 6 62 52 10 74 83 69 19 24 27 31 86 77 23 58 32 50 23 2 72 5 6
17 71 10 81 24 94 57 15 93 16 90 50 99 85 61 5 22 82 10 16 88 66 40 25 5 35 73 81 86 15 74 34 4 21 9 88 92 95 90 20 80 53 73 26 72 64 47 72 92 55 92 69 2 4 2 66 27 57 0 87 70 39 71 4 50 1 32 94 20 9 20 38 11 34 81 47 37 67 74 23 63 18 35 13 70 67 42 96 40 16 82 16 2 12 55 81 74 74 88 5
9 36 8 78 25 83 38 78 97 13 60 3 67 81 36 32 26 74 67 84 15 65 85 88 67 14 72 64 63 19 70 39 61 19 26 49 99 56 40 58 62 54 63 98 77 31 99 20 96 65 0 72 86 83 83 91 66 94 5 40 83 60 31 36 96 10 64 12 2 56 67 85 56 31 39 47 0 40 95 13 39 1 36 84 86 43 81 14 5 55 79 69 94 69 16 67 45 87 70 29
80 40 10 64 28 7 84 52 52 20 47 91 94 79 23 2 3 15 2 34 68 65 63 52 99 92 89 45 2 31 86 57 59 42 18 44 32 13 16 9 94 60 97 62 61 82 63 54 4 77 83 95 77 55 41 22 91 14 15 8 71 50 59 5 41 20 21 60 50 5 75 31 20 45 20 96 83 65 93 53 87 4 92 67 57 91 33 85 60 23 35 68 28 50 79 91 91 28 10 24
2 53 38 70 97 9 21 28 95 26 81 28 98 16 35 19 90 79 37 83 98 96 71 56 0 93 96 54 78 86 80 6 82 89 30 40 11 54 86 33 10 98 37 11 37 60 14 7 60 56 8 23 22 78 40 49 93 19 16 15 47 85 61 0 87 75 38 56 49 14 32 5 70 24 55 97 1 58 59 35 52 96 31 64 26 51 20 44 75 62 98 96 47 13 54 96 23 16 76 39
41 56 80 70 73 6 31 36 81 18 28 1 9 94 0 56 77 60 32 23 32 19 88 98 63 35 20 52 76 65 0 23 30 48 79 2 45 59 15 98 48 55 68 9 37 0 94 20 10 74 52 23 16 62 90 68 7 48 22 64 61 10 92 94 1 16 3 1 44 93 90 20 65 19 85 99 55 23 42 76 15 11 43 35 52 84 61 50 5 79 81 83 26 15 84 42 66 17 61 62
43 44 67 17 1 71 97 4 74 9 39 69 71 58 2 79 71 35 25 14 88 55 5 32 71 27 21 80 15 78 92 27 68 56 81 63 1 10 64 50 82 56 48 54 63 56 75 91 15 35 99 79 31 79 51 74 32 27 96 55 63 52 57 81 3 71 36 56 92 98 39 35 46 1 49 14 93 65 3 18 30 14 46 39 15 61 86 8 48 87 64 3 85 60 49 40 18 9 95 8
92 73 96 28 57 16 60 19 64 64 66 76 80 33 38 15 27 22 4 25 97 55 66 46 68 55 63 96 18 17 74 96 54 61 12 15 20 20 3 2 87 91 27 48 30 28 43 16 90 34 6 1 78 55 71 65 8 9 69 37 41 5 44 68 69 59 31 69 75 67 8 90 8 20 82 35 88 1 98 80 25 10 3 91 97 82 54 69 69 20 36 49 3 26 77 85 34 78 43 41
30 15 39 41 13 65 60 23 33 69 2 20 83 75 34 30 72 95 12 70 68 40 82 42 40 37 1 14 5 12 10 74 64 18 76 63 30 67 16 56 24 27 4 34 74 55 13 38 39 98 14 4 26 10 87 67 10 2 41 66 14 66 82 80 67 68 6 36 82 19 29 52 32 15 63 45 29 8 17 7 39 65 94 57 26 89 52 10 29 10 38 42 35 63 9 46 87 0 7 43
18 55 78 78 2 98 30 75 55 51 78 45 26 0 71 42 90 37 53 8 15 73 73 77 4 32 31 23 66 33 19 51 68 56 80 91 88 93 13 20 43 89 46 53 69 14 67 27 12 46 54 76 50 44 95 47 72 25 39 38 13 50 88 1 25 29 25 76 49 46 66 36 28 27 44 93 36 9 5 39 21 49 73 84 64 17 46 77 40 72 47 16 3 31 71 26 37 98 43 49
73 88 79 65 63 99 9 40 82 24 30 87 23 2 22 38 15 40 32 79 73 80 25 78 75 22 77 4 23 66 71 93 43 24 99 32 80 29 78 92 93 67 21 65 0 92 55 81 9 0 76 0 61 77 86 76 36 8 57 96 58 61 21 68 79 81 7 26 80 81 73 85 89 68 29 80 34 17 58 49 3 73 84 52 74 68 32 53 77 92 15 58 20 46 32 29 36 2 13 51
40 81 25 16 23 40 24 5 90 36 17 68 99 35 58 41 55 22 91 36 89 4 21 49 52 59 60 39 12 96 47 60 35 37 87 44 80 71 86 26 23 76 83 66 70 15 42 45 8 17 81 61 93 46 99 68 0 93 71 7 76 4 47 4 47 76 31 17 22 97 14 11 87 50 94 84 27 49 57 31 70 26 4 88 4 73 53 71 33 51 81 40 47 45 31 50 74 63 70 55
47 79 58 22 48 92 98 66 80 86 62 80 13 77 95 77 95 90 31 61 82 20 16 24 99 74 44 7 87 95 11 48 95 81 52 88 2 16 24 39 91 4 94 58 95 13 94 7 0 11 46 93 38 50 70 47 42 38 58 88 67 64 25 88 52 37 25 30 32 6 22 70 40 1 55 65 12 44 99 24 59 7 20 8 60 11 4 26 50 95 58 30 66 23 57 38 46 89 84 74
17 35 73 18 47 65 48 95 43 25 9 71 61 60 45 98 93 36 14 41 25 10 69 29 72 17 83 42 51 70 93 12 74 32 87 67 69 11 45 32 26 24 30 92 33 65 90 96 22 45 90 50 49 57 9 69 0 5 92 23 92 38 60 77 6 80 95 19 17 14 54 61 50 70 97 21 40 19 78 58 75 39 60 93 70 51 63 46 30 51 50 31 62 17 16 97 59 94 95 16
97 6 26 36 72 6 73 3 54 26 71 98 37 94 14 66 49 57 37 56 92 61 11 75 5 61 46 54 83 59 71 80 98 27 90 92 71 41 6 48 28 99 17 77 21 63 85 40 10 42 23 54 45 66 96 50 24 8 34 18 51 85 85 31 34 84 58 50 39 73 52 23 10 88 33 14 25 30 24 33 29 86 32 90 41 29 56 19 85 37 31 16 0 11 14 44 40 2 0 31
76 83 46 61 92 62 49 83 58 40 29 97 80 46 72 33 34 58 25 7 34 91 5 60 45 81 33 13 79 77 18 25 83 63 74 67 64 24 90 49 10 9 28 5 23 56 34 6 52 77 32 74 90 75 11 63 83 44 51 43 58 50 30 80 57 20 84 47 50 77 61 92 94 31 15 80 50 58 48 46 76 40 76 3 53 63 22 46 81 78 7 21 27 89 86 86 75 81 72 75
38 74 41 6 89 97 80 19 1 57 76 99 7 75 41 61 21 86 41 92 81 16 67 58 26 19 77 26 1 16 0 61 61 55 24 60 39 6 25 60 22 54 3 25 75 23 71 51 72 57 3 51 81 21 76 28 32 14 36 65 63 1 82 81 55 61 27 41 39 9 99 35 7 95 82 21 45 59 28 35 90 49 58 9 35 44 45 76 46 96 61 7 85 57 8 52 53 76 80 58
8 70 16 51 9 5 28 55 72 23 23 91 32 32 85 11 26 28 70 88 97 8 85 23 21 58 10 6 51 47 66 53 10 5 98 80 13 14 7 67 73 8 18 54 72 72 45 60 36 29 55 75 2 73 24 46 54 43 3 58 39 14 98 7 12 20 6 99 17 50 17 24 14 1 8 51 92 68 10 59 43 26 61 80 78 70 26 71 60 94 99 45 31 43 60 84 17 40 17 76
71 17 48 15 98 4 76 15 77 33 17 73 24 36 89 50 65 66 44 44 52 83 51 77 27 49 70 16 86 9 30 78 40 60 44 97 16 87 94 94 29 42 70 34 67 11 85 55 12 8 73 90 68 12 62 15 79 47 97 90 9 40 66 95 55 77 88 19 91 36 16 92 46 83 69 90 23 84 40 22 91 25 29 55 2 32 92 42 94 56 29 32 33 69 80 88 85 26 94 29
70 83 8 38 38 91 97 58 48 24 45 15 89 2 8 50 80 79 26 58 19 24 85 57 68 95 14 91 48 41 6 3 47 29 65 8 12 13 73 57 51 53 62 57 89 19 9 1 52 20 85 11 82 73 41 30 10 98 3 42 79 7 52 64 75 20 21 39 94 99 29 17 64 41 3 69 92 8 69 86 46 79 1 28 77 83 10 22 82 20 0 67 28 85 87 61 32 10 98 71
83 17 90 92 95 19 76 15 75 7 5 58 58 47 88 75 1 49 20 68 39 26 75 15 6 39 63 62 32 67 42 35 71 68 15 87 61 82 39 6 23 22 57 44 97 89 58 16 80 63 78 15 22 8 72 71 55 92 67 60 31 5 21 38 51 76 81 54 4 85 12 18 83 87 25 52 95 44 7 51 67 31 34 27 86 46 27 9 37 73 91 32 77 9 41 62 45 62 39 19
29 49 23 94 87 46 91 29 1 71 97 71 24 79 91 37 18 16 27 90 72 57 96 26 5 39 37 25 53 89 88 26 86 79 60 7 75 94 83 92 74 28 97 39 2 20 30 63 58 4 43 11 67 28 55 83 31 36 52 23 36 26 87 97 94 83 68 27 88 67 13 27 9 22 47 65 71 18 37 56 88 49 20 42 19 84 43 24 42 35 77 66 95 65 50 19 28 22 35 64
84 16 60 23 74 41 17 7 79 97 0 14 89 15 15 58 83 7 80 18 51 36 86 68 6 2 38 20 76 62 54 77 30 79 98 15 70 13 89 9 53 82 78 43 30 81 92 32 57 26 13 46 10 26 76 54 72 7 99 32 72 24 53 57 47 35 36 42 77 14 81 13 95 34 44 75 65 13 32 6 56 41 69 63 79 28 78 61 47 50 1 46 4 12 40 71 68 1 59 0
1 68 76 61 1 72 12 65 6 31 65 81 98 23 55 91 49 68 64 11 56 14 86 16 31 31 52 67 23 80 61 65 53 91 30 29 93 89 35 69 91 13 21 40 99 38 84 28 57 0 78 47 58 79 76 26 73 56 91 64 45 12 52 40 25 76 31 86 92 70 58 59 77 29 4 39 39 7 24 44 62 28 63 14 23 64 77 35 96 40 5 71 98 17 11 39 40 62 3 11
86 57 52 46 51 10 85 6 81 65 32 44 7 80 32 34 76 82 88 42 6 86 27 7 24 50 53 0 43 2 98 99 14 10 50 24 39 6 78 83 31 21 56 21 21 67 67 74 91 24 49 27 33 1 52 29 90 38 43 77 26 38 43 4 7 36 19 56 15 58 34 98 46 80 47 75 82 45 39 86 29 52 6 73 38 3 42 29 45 13 87 64 75 62 86 24 18 65 32 65
50 11 96 12 81 90 17 16 28 85 43 19 52 53 56 90 80 12 10 40 80 96 13 52 28 2 49 37 57 1 13 29 27 37 4 87 18 83 39 62 15 47 77 27 20 47 73 75 28 75 87 62 97 55 39 61 22 84 57 2 66 44 18 3 71 73 81 72 21 44 1 56 38 32 43 95 49 60 96 70 69 93 3 32 67 35 87 88 87 11 53 48 92 79 17 28 47 30 6 26
73 74 15 40 21 76 59 40 69 59 55 45 25 56 37 70 43 85 82 65 36 65 58 46 99 2 79 0 44 76 12 28 79 23 76 14 38 99 69 73 58 98 20 76 9 29 24 14 32 45 42 95 0 85 11 84 94 15 85 56 62 56 99 74 79 65 93 2 71 24 74 24 18 27 79 59 58 57 6 48 48 36 98 0 67 86 4 29 88 66 40 85 37 69 81 49 17 25 97 2
28 74 44 32 36 97 40 91 81 88 99 30 42 73 72 52 13 40 10 99 71 90 1 55 72 52 36 32 86 84 46 55 57 84 48 97 19 75 79 29 69 15 33 99 15 29 41 61 51 7 63 74 73 40 43 55 40 88 49 38 70 30 46 62 32 83 51 7 80 4 50 71 98 7 51 12 65 31 45 1 77 61 31 17 34 13 48 24 70 94 27 70 59 50 38 73 86 27 26 64
9 58 95 72 47 32 55 54 14 71 94 1 20 90 40 50 30 56 88 95 93 15 11 92 71 70 47 95 86 76 87 67 66 88 99 45 61 79 23 63 55 43 47 58 39 34 65 53 83 51 23 4 75 34 3 24 1 17 56 52 20 50 88 43 68 20 81 83 52 51 2 58 53 16 45 93 41 1 59 79 18 40 48 2 19 99 45 2 94 40 7 63 14 49 63 48 12 16 14 62
35 34 96 76 40 66 9 82 67 87 30 61 58 70 51 25 94 19 30 87 89 98 56 84 93 20 29 12 24 59 24 33 5 27 39 30 52 87 17 36 57 82 77 41 9 65 60 8 20 28 81 97 63 30 92 47 19 71 2 95 98 47 34 80 52 61 97 52 4 54 83 84 2 36 49 8 84 61 44 50 93 31 8 34 31 15 64 42 30 21 84 39 42 65 53 51 11 2 32 70
15 89 5 30 20 66 75 18 98 6 21 42 51 63 19 44 23 35 91 95 96 95 2 77 82 83 82 44 0 82 65 36 96 97 44 54 29 83 71 45 6 74 0 29 74 6 53 97 93 52 52 8 49 97 51 78 68 98 91 39 18 69 90 71 57 79 83 85 44 28 51 94 27 66 91 1 98 20 86 23 80 61 23 61 44 63 47 50 38 90 98 26 86 12 40 78 55 43 91 2
50 64 15 62 81 76 86 40 39 9 92 86 42 11 73 44 94 58 7 22 40 86 54 75 90 21 39 8 64 42 85 4 37 74 4 21 34 22 35 81 21 31 4 76 99 20 82 99 62 47 18 28 82 80 28 95 85 6 20 97 0 70 11 69 95 69 4 98 60 11 8 6 89 66 15 4 64 19 92 48 49 24 49 87 59 42 65 94 75 12 30 71 1 71 76 23 37 17 75 52
87 91 18 13 59 8 9 29 91 44 77 91 18 3 20 74 18 37 27 77 4 76 90 55 58 93 79 5 99 48 86 80 42 80 55 2 9 45 43 71 33 7 75 34 82 12 5 52 99 77 58 59 20 10 49 38 57 39 15 69 79 66 77 41 73 15 60 36 52 8 63 32 37 49 30 58 91 17 62 65 90 75 68 71 64 21 56 78 20 58 39 86 12 15 72 25 7 61 63 48
52 66 25 1 79 33 53 19 12 58 84 38 81 83 33 40 39 9 93 64 89 49 73 11 29 77 86 28 7 8 12 69 21 98 16 47 71 87 24 97 92 9 60 54 45 65 19 34 92 24 3 35 11 99 17 36 13 0 16 25 56 17 76 40 91 52 85 58 24 72 34 8 98 67 55 12 27 53 64 98 13 10 16 97 28 38 22 37 13 91 42 98 17 26 95 70 9 50 30 77
96 37 24 62 28 42 37 66 70 53 36 57 96 70 31 79 45 16 91 77 3 50 3 39 1 87 40 39 4 58 65 93 7 81 0 52 33 90 18 35 59 89 73 69 29 46 92 23 49 33 86 42 47 96 30 11 21 38 0 13 15 28 31 92 92 86 68 8 28 49 78 94 26 0 55 38 28 49 65 74 43 71 91 94 88 65 81 98 7 80 25 99 72 96 47 60 34 81 4 88
1 57 8 86 71 16 56 60 10 83 78 15 19 35 9 73 29 39 83 9 89 13 76 13 61 3 10 55 37 2 38 63 79 60 61 0 69 92 87 2 79 79 3 4 14 8 30 92 73 7 36 32 17 39 23 54 16 56 79 76 10 81 70 7 87 3 91 34 73 5 66 18 73 77 99 87 11 33 36 31 62 70 26 8 62 11 35 45 31 49 62 83 59 60 45 32 70 31 54 71
43 0 3 22 58 10 37 48 78 5 22 92 95 6 17 83 5 87 55 20 51 16 58 82 11 73 88 81 90 76 58 58 70 4 81 82 17 51 87 70 28 47 43 47 74 75 68 6 63 70 15 11 71 65 72 14 75 36 6 91 90 41 5 95 15 75 74 34 31 43 77 50 98 61 7 17 86 37 66 71 74 32 64 9 17 34 1 90 27 22 92 45 46 53 78 60 21 56 34 15
27 59 25 90 57 81 36 68 41 16 13 74 85 19 56 42 22 17 65 75 25 99 95 41 21 13 24 62 13 28 89 28 21 12 36 45 35 22 11 41 52 50 86 26 77 93 53 83 37 1 20 82 13 31 41 79 90 39 70 99 6 46 34 98 50 35 68 33 90 17 53 77 71 20 64 92 19 78 20 55 82 96 70 82 34 17 4 17 29 37 86 57 29 9 88 35 93 10 17 11
25 46 28 15 65 75 52 72 53 34 57 42 14 2 6 72 23 33 49 97 17 96 66 23 88 95 21 42 48 88 89 4 11 59 33 18 96 17 62 91 7 26 11 22 82 84 32 76 1 66 45 32 42 6 81 99 47 25 58 99 67 46 72 71 49 64 19 62 65 45 77 96 57 78 82 34 68 52 54 97 51 56 77 47 76 93 65 49 23 59 65 75 9 76 78 1 85 28 99 43
20 48 75 72 33 93 95 92 78 5 22 28 12 39 41 22 96 77 97 18 86 10 7 20 95 37 76 16 11 67 64 81 20 0 0 44 15 73 23 97 67 6 93 46 33 6 94 49 76 39 46 49 83 78 24 69 89 7 83 71 35 40 23 87 66 36 11 34 73 13 75 58 56 12 46 35 17 10 49 71 19 48 20 5 49 6 83 84 59 70 63 58 51 10 32 42 82 51 99 12
39 26 27 47 90 28 34 61 42 62 61 58 81 45 51 60 6 7 14 92 43 29 68 47 89 12 39 40 49 68 87 60 46 73 99 32 40 4 46 62 25 10 29 56 80 68 54 23 82 59 83 70 41 45 19 7 57 32 21 13 87 31 30 9 15 85 50 70 89 69 56 85 99 32 46 51 26 15 11 43 99 24 79 37 59 13 5 94 47 2 89 86 28 73 45 81 30 82 15 33
88 22 95 64 93 52 16 42 23 21 20 44 98 97 69 66 60 66 80 66 43 91 32 37 42 54 9 13 81 84 25 34 35 15 20 32 66 90 55 40 78 71 63 75 47 26 91 52 98 95 29 35 48 14 0 20 49 75 57 4 84 56 59 99 82 83 10 91 65 98 38 88 71 25 19 21 8 3 92 32 33 36 72 37 0 75 11 62 52 6 8 94 83 26 74 95 26 58 31 74
81 8 50 76 89 87 54 97 78 7 64 65 92 54 88 48 45 44 65 84 19 60 48 60 97 8 19 24 32 48 11 11 51 21 11 15 44 86 12 82 33 62 29 81 58 97 21 89 45 23 41 76 7 30 49 37 46 55 81 65 24 25 93 23 1 52 14 44 7 66 26 25 90 99 25 84 18 26 2 12 36 89 64 78 53 29 36 22 88 21 74 33 15 32 24 7 7 27 91 56
86 27 59 40 73 45 39 74 78 56 57 31 73 96 54 71 29 42 2 92 30 48 56 95 2 76 1 33 7 33 60 14 78 32 88 18 41 77 62 28 63 73 44 54 18 21 78 97 32 7 13 36 20 7 65 60 70 33 13 25 75 67 67 17 29 38 68 26 70 59 88 22 54 73 39 64 44 79 38 99 63 75 74 92 14 52 80 62 24 79 15 17 3 47 81 9 18 14 69 27
30 91 80 50 39 18 78 49 50 0 21 24 77 7 82 22 95 76 93 96 42 67 66 0 44 74 39 87 78 93 85 81 46 24 92 36 35 77 32 93 51 36 56 93 11 25 94 42 2 75 71 11 96 61 96 65 52 66 79 3 86 96 87 14 9 89 96 94 63 99 68 22 42 63 68 51 34 67 9 31 94 40 76 47 53 70 49 78 4 9 49 5 59 82 22 75 48 21 71 34
48 80 53 83 11 16 19 92 54 61 51 47 78 48 72 46 72 25 45 41 92 1 78 83 91 24 90 70 3 63 97 95 31 61 34 90 65 98 23 26 39 33 83 80 93 64 50 45 54 66 0 87 94 61 67 69 62 23 39 39 4 53 42 24 93 60 87 69 5 74 7 16 84 3 41 20 93 82 29 22 82 29 72 88 3 97 15 99 67 63 94 42 35 32 6 21 26 14 91 20
63 26 86 67 81 94 86 11 22 21 53 32 39 49 2 60 21 31 20 21 26 88 51 59 50 34 50 62 88 2 73 47 78 26 90 60 49 82 78 11 3 69 20 50 29 68 2 75 68 83 37 86 31 22 24 61 20 81 59 20 74 75 89 47 70 17 27 39 15 67 81 75 12 0 69 48 27 63 77 62 31 41 10 21 94 20 3 84 34 42 53 4 6 40 45 36 58 46 66 22
53 54 54 38 51 64 52 61 57 48 40 74 90 4 74 66 2 79 91 29 4 6 99 99 77 4 35 51 0 2 63 62 28 1 36 25 17 76 76 91 88 27 21 90 30 8 44 86 2 45 77 18 65 14 3 63 57 86 4 5 55 14 50 6 41 26 73 35 1 75 63 4 30 43 44 26 84 90 65 27 3 67 92 80 40 39 54 9 65 62 1 47 46 13 12 41 52 23 46 55
83 30 94 83 52 61 87 68 99 88 31 46 39 33 15 77 64 14 17 96 44 60 31 77 35 45 26 66 68 21 5 45 20 12 42 19 64 52 41 7 0 4 2 75 34 46 74 66 46 65 9 35 33 15 37 76 22 26 25 9 83 47 70 82 7 24 63 58 2 88 7 61 78 74 24 85 84 83 95 47 3 56 15 77 31 25 15 48 13 93 5 95 96 13 64 75 33 94 83 27
13 41 26 58 4 81 13 62 32 90 62 15 66 39 82 9 32 72 2 92 18 83 51 81 29 88 84 24 13 12 39 31 1 26 13 0 93 46 80 98 77 42 24 0 70 15 56 88 7 67 24 79 17 5 64 40 58 70 62 77 13 19 16 3 12 67 26 15 78 54 57 37 85 72 17 24 38 71 11 66 31 63 9 49 76 1 57 64 89 16 58 95 93 10 66 90 31 54 46 72
26 90 15 44 20 89 2 84 36 93 31 65 49 88 77 30 34 81 35 54 31 64 1 21 74 0 2 64 4 79 2 86 10 69 55 23 96 4 67 63 18 39 58 66 85 18 26 1 72 80 56 47 47 20 80 57 90 57 40 9 9 18 8 59 61 42 97 71 92 98 60 21 31 0 20 75 31 22 2 29 89 56 78 12 39 70 9 98 80 54 35 53 62 15 42 86 18 30 52 56
67 10 47 23 63 44 98 8 72 47 8 22 99 65 47 26 39 79 67 27 46 71 11 57 66 84 49 66 95 56 10 71 12 84 32 75 55 46 40 94 74 39 82 35 97 25 23 60 50 94 97 9 0 31 12 25 59 53 6 59 32 79 9 33 55 82 78 41 25 81 65 20 47 60 95 30 95 74 70 45 20 5 24 51 98 5 82 63 63 97 74 0 48 1 78 90 58 6 25 75
9 3 49 78 25 90 34 10 45 33 17 32 99 38 20 95 76 21 80 81 20 82 27 29 83 19 85 68 28 59 38 92 0 89 73 21 90 43 50 67 43 94 70 18 70 24 89 49 46 8 84 81 56 26 48 83 44 49 98 88 68 53 62 65 56 68 71 99 76 81 0 98 65 76 12 32 7 30 38 27 14 55 46 30 72 87 52 7 21 30 46 50 83 25 47 95 25 89 2 91
2 50 41 19 6 38 56 5 99 30 37 92 30 48 71 40 41 58 36 61 79 32 49 84 5 64 19 74 86 65 8 96 40 45 74 3 33 24 87 21 80 74 26 62 47 96 21 63 85 12 22 24 80 16 45 25 26 74 45 23 6 9 16 89 90 43 80 73 69 80 52 59 92 94 8 32 69 34 35 85 33 0 99 60 23 84 80 7 67 64 11 9 50 95 29 63 51 43 65 78
89 58 66 93 12 14 21 68 38 48 35 26 60 91 67 97 25 22 40 96 3 41 61 6 14 91 31 68 18 52 98 41 49 75 20 94 18 4 91 1 29 63 69 80 36 84 45 59 97 84 82 12 81 17 17 86 57 42 28 91 89 25 50 99 30 25 59 92 50 96 3 9 64 53 41 31 3 30 66 32 20 44 33 47 78 60 59 30 63 96 97 95 32 82 11 17 43 6 73 15
94 42 71 51 6 23 5 8 37 66 37 8 27 34 59 67 3 68 16 4 11 21 27 26 7 44 4 9 67 88 45 70 73 27 44 86 81 18 44 64 94 87 24 64 80 29 80 54 55 21 45 25 97 79 79 3 99 56 57 0 40 5 49 58 40 98 2 82 33 94 0 59 29 43 97 30 74 87 64 92 44 77 7 63 15 80 83 32 9 57 83 2 75 25 28 47 94 54 18 94
16 12 65 43 64 34 5 50 34 23 4 7 64 83 90 58 24 88 87 64 5 2 32 64 76 71 3 20 93 23 96 84 14 66 66 8 96 2 79 66 28 15 9 67 65 56 3 86 10 72 32 71 92 11 47 73 45 83 19 34 16 96 17 78 99 44 60 19 94 90 75 2 0 49 77 72 54 14 87 30 53 23 46 76 3 76 92 0 31 57 26 45 66 37 5 57 4 57 10 22
21 31 84 40 94 68 90 76 33 44 91 54 76 20 9 82 14 35 13 92 55 38 9 47 1 49 46 2 42 99 47 43 1 13 28 34 9 48 96 74 10 38 66 69 91 57 99 1 66 28 76 34 21 58 63 37 49 43 77 64 3 37 13 20 63 76 65 46 11 27 23 83 99 3 7 37 32 20 17 8 34 87 23 31 38 57 82 27 31 9 6 25 11 35 77 56 42 16 27 69
4 46 86 88 41 50 38 63 62 25 21 57 31 60 2 76 27 0 80 39 49 40 98 86 71 50 29 57 53 47 90 79 64 78 43 19 8 23 40 35 31 32 83 75 67 16 65 65 69 6 5 65 12 24 69 18 17 56 1 18 64 13 51 36 74 69 74 2 32 44 33 17 12 36 8 10 65 1 69 90 76 18 31 44 24 40 87 71 76 56 23 4 16 17 77 0 26 52 43 80
29 28 27 59 22 78 15 94 8 55 7 90 62 10 76 8 97 37 40 69 71 68 62 20 39 7 98 4 5 74 4 69 44 23 13 95 10 67 0 9 31 52 6 36 98 30 36 21 27 50 92 58 26 81 30 71 87 91 33 10 61 77 82 92 10 14 88 56 32 84 83 96 56 16 3 16 34 85 31 16 75 18 91 73 51 37 74 65 4 85 54 8 50 90 91 70 70 60 18 37
20 29 20 57 79 32 74 6 27 35 63 98 60 2 66 28 37 44 69 17 39 52 74 81 78 74 45 25 2 85 92 14 48 17 45 10 52 80 40 92 0 44 39 22 30 14 67 20 14 42 63 48 60 89 3 12 3 31 0 69 71 68 4 27 64 91 76 15 58 95 36 44 55 9 66 29 28 4 18 67 19 69 43 43 67 52 34 29 49 94 67 29 8 25 51 73 96 10 72 40
22 21 3 85 46 42 67 73 88 29 51 1 69 87 46 59 57 60 30 72 14 37 45 69 91 65 92 73 24 33 2 43 19 68 0 3 60 60 14 87 33 26 34 32 98 76 58 1 86 6 44 63 34 95 29 8 60 99 53 80 3 26 26 38 2 31 96 27 40 63 16 84 41 9 93 30 78 15 59 41 38 71 24 5 2 69 83 20 24 32 45 47 59 4 49 97 44 29 98 13
12 58 37 88 30 27 9 98 77 92 19 11 40 63 54 77 31 54 49 90 20 82 87 85 93 56 69 51 83 0 92 87 66 55 70 32 64 48 76 66 62 41 84 92 97 89 69 70 7 19 62 1 41 91 3 53 72 10 14 30 82 11 3 66 94 25 10 78 2 92 35 18 2 28 73 81 38 40 83 1 50 48 12 95 91 47 50 30 95 44 3 50 83 36 46 80 0 70 8 81
43 12 74 9 98 41 88 94 5 10 38 57 39 16 75 74 48 36 25 84 78 54 82 1 13 60 44 23 2 39 81 16 34 13 98 42 70 72 44 7 58 12 72 15 46 3 43 46 39 91 86 3 96 21 63 92 89 45 83 88 2 81 51 28 31 17 19 82 40 16 23 10 40 37 97 72 21 6 36 28 52 69 34 12 58 96 46 63 28 83 1 51 42 11 14 31 49 21 55 56
49 25 68 25 50 57 11 32 51 26 25 99 67 48 18 0 69 2 23 16 26 8 40 56 32 32 88 58 58 46 41 38 31 16 60 42 97 88 35 34 50 15 93 88 22 46 38 0 77 37 77 68 82 68 62 44 69 17 31 24 97 22 20 85 26 21 79 81 52 63 23 64 96 59 81 85 28 47 62 4 34 72 40 52 82 21 12 69 70 26 96 91 1 29 53 77 65 97 42 58
49 56 58 98 18 26 2 23 56 42 76 38 96 48 95 23 49 64 67 80 56 6 74 17 54 88 3 63 6 47 7 4 61 11 29 81 64 19 2 25 13 83 4 37 93 49 49 91 78 45 58 56 21 3 1 40 98 90 73 73 15 38 73 91 32 3 50 81 73 23 82 72 59 98 18 96 5 41 69 40 87 40 91 99 43 81 11 74 95 95 29 40 49 90 5 29 49 13 89 98
55 9 19 60 6 49 7 78 5 25 78 40 94 59 38 71 83 98 60 29 71 44 87 44 39 42 35 9 68 50 50 44 29 96 5 57 36 77 34 65 33 76 1 68 59 92 92 2 26 72 91 27 64 74 36 52 90 63 44 60 13 53 80 96 91 18 44 72 15 26 6 83 30 74 5 74 86 52 93 26 20 60 42 84 3 55 50 6 2 59 27 45 19 54 17 73 26 58 18 67
59 79 59 51 19 69 98 14 66 71 51 87 90 9 74 53 32 18 59 9 31 27 2 38 99 56 17 17 10 18 73 97 79 48 39 4 59 15 68 69 52 90 91 86 89 41 36 55 51 53 33 62 67 18 69 93 25 5 39 68 62 87 77 72 72 42 5 40 94 19 20 30 9 77 57 39 82 67 62 12 25 61 88 3 86 54 88 87 10 26 17 22 95 23 63 82 68 36 53 69
34 14 12 18 53 46 15 29 58 2 73 31 10 94 89 55 14 21 50 84 81 20 96 98 97 26 27 65 69 0 59 7 12 49 12 22 21 17 45 28 49 89 57 74 63 0 18 38 88 96 11 12 35 25 88 79 33 71 8 5 95 24 77 41 43 99 11 70 34 58 51 77 47 46 59 38 90 33 79 45 23 18 31 93 20 70 40 90 45 21 3 39 6 34 41 8 96 20 96 99
80 82 26 79 96 22 56 45 43 7 30 36 20 44 83 79 67 91 15 50 75 6 10 20 61 91 0 86 53 47 66 40 93 17 90 5 67 18 61 40 60 45 90 39 98 26 84 81 65 29 89 59 85 78 98 22 98 14 24 26 58 37 91 86 16 99 26 91 52 20 68 2 39 33 2 38 35 12 94 14 51 80 2 0 6 98 0 59 27 68 65 34 87 23 51 54 50 72 0 8
22 38 29 97 1 3 85 28 4 72 3 73 3 4 4 81 87 74 54 85 47 1 88 58 3 78 84 7 92 31 24 6 46 97 65 46 59 97 79 94 2 65 44 89 41 38 8 62 58 99 4 89 2 44 53 47 42 61 39 60 44 28 36 34 78 86 26 31 43 85 4 60 95 32 24 21 89 89 13 55 39 22 1 49 1 90 1 20 54 56 15 67 6 59 6 69 23 12 73 46
80 74 4 45 90 19 51 70 38 61 69 57 60 27 3 30 37 31 11 3 98 48 64 47 57 67 11 66 74 32 86 82 26 77 51 53 8 54 54 26 25 79 22 53 92 29 65 23 33 29 37 33 48 55 66 43 49 95 83 98 64 75 67 9 17 25 65 15 3 80 3 41 10 37 89 57 11 98 26 51 38 36 2 98 63 42 68 13 66 24 12 41 38 42 36 43 68 24 59 28
53 52 65 84 58 39 57 64 74 14 70 68 4 69 47 19 14 5 14 35 5 79 58 43 0 60 72 33 64 60 80 68 91 87 66 16 26 66 4 96 71 38 32 19 48 51 33 49 18 84 2 66 48 92 14 59 3 13 74 17 35 92 27 52 9 55 69 52 3 17 47 68 36 60 1 97 12 32 44 99 67 68 12 61 63 64 42 55 88 46 34 70 50 2 49 48 97 34 6 67
86 95 18 82 67 14 41 77 8 86 51 62 70 22 81 6 35 23 10 85 22 92 44 72 11 58 87 93 67 39 24 57 83 26 52 92 65 57 11 26 38 55 65 43 3 11 79 46 71 90 74 30 73 16 25 25 10 34 41 4 72 61 99 1 63 56 37 15 44 28 45 49 46 53 9 75 52 5 35 95 71 74 95 0 79 40 29 83 18 43 22 29 8 84 69 94 87 30 50 8
64 90 32 2 93 83 61 75 71 3 24 43 22 66 35 58 1 53 33 67 98 46 89 98 80 59 52 17 42 75 68 90 93 97 57 60 43 76 50 93 88 0 65 36 38 36 20 56 43 85 75 72 43 43 13 71 32 79 54 55 57 79 72 88 81 19 44 78 8 37 54 26 17 33 55 3 37 69 60 57 84 92 45 16 14 94 21 5 43 59 83 26 10 85 74 34 49 23 91 3
27 44 67 84 7 19 8 31 81 73 55 90 68 4 55 69 6 35 50 34 28 18 90 70 2 86 43 1 22 16 5 33 71 83 6 48 68 19 92 91 36 98 49 46 94 26 96 10 12 46 56 79 73 2 40 59 82 11 43 84 62 1 74 81 30 48 23 54 44 38 31 83 87 0 45 9 94 15 18 31 51 72 78 44 2 74 81 57 74 62 98 69 83 88 53 0 67 55 28 69
1 5 55 31 46 52 20 95 31 64 31 90 13 85 54 58 0 99 29 29 3 25 50 67 44 36 72 74 72 70 53 54 59 28 93 27 84 96 39 2 9 96 81 19 4 82 5 87 22 61 61 17 72 59 73 37 14 62 77 38 84 90 80 73 3 90 63 16 63 35 84 22 7 20 31 99 44 27 85 53 7 98 8 32 45 53 25 80 53 4 89 25 48 18 32 77 46 72 43 82
22 48 91 97 22 72 11 56 15 17 14 80 98 27 3 72 35 32 84 84 53 71 23 88 56 97 98 35 98 5 79 31 91 5 29 23 17 76 5 50 81 49 75 67 63 6 45 81 69 52 85 23 15 1 4 42 94 99 82 11 54 60 93 32 2 57 21 17 85 7 92 33 68 77 87 88 65 16 51 92 89 37 11 40 69 63 57 79 84 64 38 54 7 48 63 94 79 82 30 89
5 89 34 97 68 51 26 56 64 12 39 17 39 24 48 60 77 65 34 97 60 59 62 53 23 5 63 85 87 20 70 18 41 12 86 53 57 60 13 35 60 1 91 73 26 29 14 21 61 46 26 82 68 7 9 67 34 61 82 15 30 99 67 0 62 94 99 10 4 6 82 36 70 40 70 97 4 62 8 46 36 89 9 43 90 69 78 45 32 42 55 96 20 99 94 17 24 36 91 16
59 57 6 42 72 95 81 59 23 57 18 33 43 92 79 65 88 93 77 40 98 71 64 63 90 77 13 96 70 49 51 75 27 95 16 99 85 22 19 46 43 24 35 35 20 4 46 41 48 33 68 29 35 38 0 84 97 16 72 13 41 64 24 85 50 72 40 49 6 42 27 78 52 64 23 88 99 99 9 56 22 5 39 2 29 48 90 1 12 81 9 78 96 10 52 74 51 72 54 2
44 26 32 82 91 25 63 55 31 44 15 55 72 36 27 88 9 27 63 55 70 84 51 10 53 86 3 0 61 8 17 92 15 54 9 61 17 22 60 9 88 38 82 95 79 18 73 19 11 47 97 40 61 72 56 10 56 49 10 73 79 9 66 74 92 38 49 10 31 18 17 41 36 68 81 7 53 20 10 0 1 61 17 86 34 56 27 17 70 16 67 96 70 41 50 70 3 74 28 87
28 18 79 37 51 63 70 20 11 15 37 36 33 93 80 36 2 28 80 69 52 54 85 51 84 28 87 8 82 16 61 4 2 64 45 9 25 74 68 25 60 87 43 61 2 2 84 30 67 44 41 10 66 24 93 3 8 13 38 83 8 22 51 12 55 96 95 56 54 53 84 96 25 52 29 34 5 76 80 56 8 41 56 75 67 8 25 77 19 82 59 89 95 56 21 19 68 76 94 12
83 5 11 43 37 80 81 52 44 72 23 18 84 28 11 1 77 1 28 82 40 60 1 81 32 14 87 67 19 88 68 17 76 26 16 57 61 65 46 54 16 67 3 38 31 35 34 36 69 36 28 40 16 84 71 75 52 26 39 58 23 60 82 22 39 21 22 26 81 80 52 87 64 53 19 15 76 0 93 60 87 56 90 64 90 90 89 75 44 60 52 78 4 42 83 29 5 34 46 91
36 53 50 39 27 53 30 86 36 59 79 7 65 50 47 62 80 4 52 98 38 41 7 52 97 24 30 29 1 93 73 35 54 25 38 51 95 72 19 41 55 34 88 2 86 22 57 21 24 73 75 60 87 89 29 84 93 48 31 22 97 60 31 64 15 36 64 43 2 70 52 95 52 21 19 38 93 84 94 25 44 29 72 24 18 58 32 96 18 35 95 37 32 20 80 44 74 30 29 9
62 23 32 46 96 39 75 5 19 36 1 57 64 15 67 94 88 71 75 56 21 72 30 34 66 91 53 8 22 58 41 88 10 81 99 95 80 5 86 66 86 36 9 33 39 90 9 2 25 90 70 66 55 62 92 76 64 14 60 94 89 21 73 48 92 40 69 51 74 53 99 20 32 95 51 37 23 19 76 11 58 49 14 32 61 38 24 22 61 0 99 75 55 68 38 97 20 58 91 31
81 21 59 31 15 77 29 10 91 98 89 54 88 63 87 13 80 72 88 29 9 78 54 67 51 84 10 89 66 93 40 47 84 77 70 62 73 24 9 5 33 59 0 81 68 92 75 38 36 45 82 58 28 65 75 55 28 74 85 57 61 26 22 83 18 64 43 18 33 66 30 6 70 43 65 44 48 8 33 72 86 2 28 10 69 29 76 97 52 59 51 86 29 43 32 89 69 34 93 7
81 16 33 21 62 79 77 73 90 82 18 29 69 46 95 38 89 86 79 41 80 87 4 46 94 0 63 76 35 20 75 60 51 18 7 44 20 88 30 85 43 43 3 47 49 6 17 46 25 71 18 74 38 94 76 71 7 41 62 51 34 38 30 44 25 71 29 3 70 97 61 30 74 52 11 83 53 83 39 44 70 32 61 34 65 89 52 86 97 38 26 70 79 15 95 9 47 55 34 41
21 61 28 35 13 87 38 93 90 85 3 60 22 51 26 73 83 95 12 38 36 41 98 72 11 14 55 96 66 40 41 47 50 25 70 93 62 84 21 37 33 20 53 32 98 15 3 73 38 12 94 35 35 1 10 62 10 78 51 47 71 82 64 51 88 28 70 69 13 97 38 36 66 16 10 44 43 27 15 94 60 52 23 72 82 52 86 14 75 1 49 97 75 60 53 93 34 89 66 46
8 57 36 16 6 99 68 27 67 75 43 53 32 73 98 24 40 49 79 92 16 80 70 65 9 99 83 77 78 95 60 7 92 51 16 26 2 56 63 47 47 41 60 1 47 73 96 58 27 20 82 55 56 40 49 98 89 82 58 93 90 91 59 53 99 1 13 46 21 11 95 15 35 22 50 7 41 87 2 54 98 82 31 49 8 84 13 49 95 73 96 20 29 84 75 29 34 23 75 32
83 63 26 75 87 25 16 87 7 94 14 89 41 15 70 36 2 56 21 76 40 72 13 99 37 26 6 11 37 53 39 10 81 53 36 84 57 89 68 87 4 13 76 46 39 45 41 19 63 39 47 24 10 11 86 18 37 69 38 31 39 78 93 7 62 73 58 69 34 29 0 59 7 26 96 62 35 99 14 57 38 37 58 92 97 77 35 89 27 18 86 12 41 83 22 88 70 12 94 40
99 10 50 62 48 65 2 76 40 62 68 56 22 57 16 59 93 56 96 73 52 44 50 15 87 61 36 43 44 12 4 84 52 82 45 57 2 31 42 7 3 69 96 99 88 44 71 80 65 36 62 32 38 19 56 27 99 20 72 87 40 68 39 15 41 25 12 0 78 72 45 39 22 59 80 27 26 50 27 65 31 73 97 1 81 81 24 52 7 73 69 81 80 96 81 15 56 65 73 86
82 95 54 99 92 91 11 71 45 35 36 39 77 27 54 34 16 98 96 14 49 67 52 52 97 52 23 38 69 59 15 13 9 8 0 29 86 4 81 12 83 16 38 94 58 63 0 93 98 46 4 56 42 45 28 94 2 16 55 39 26 94 9 62 15 70 50 15 97 40 71 47 47 73 79 18 81 88 29 47 91 80 88 9 56 13 32 89 16 63 44 1 52 35 65 48 93 1 55 76
74 99 78 27 5 57 44 56 24 47 17 56 99 70 10 2 43 72 97 49 85 2 15 28 44 68 15 37 87 40 26 43 55 94 64 45 97 13 74 15 15 36 17 53 58 54 10 90 22 15 53 12 85 95 65 48 35 8 50 81 79 31 31 77 5 83 84 42 21 65 38 79 41 80 57 56 23 87 66 24 3 79 24 27 99 86 58 49 56 96 46 14 5 80 97 88 56 87 61 36
84 89 69 45 74 0 53 7 91 45 81 65 68 46 99 82 26 17 46 30 37 9 46 41 91 17 34 38 76 28 3 2 12 64 30 77 30 36 54 87 45 85 86 2 16 55 22 40 97 86 77 24 24 33 13 44 16 84 40 35 80 28 30 28 62 9 3 65 21 78 5 26 44 57 58 42 79 74 64 43 76 66 87 30 26 46 79 62 25 68 54 60 61 27 89 36 63 75 29 93
54 9 33 48 27 26 60 9 14 85 79 35 90 11 88 75 26 6 27 54 81 2 33 0 21 50 49 48 81 29 9 84 72 25 35 17 43 67 41 17 15 88 20 97 13 28 16 28 9 76 1 27 78 91 90 98 12 74 61 63 71 80 19 3 48 97 78 51 67 5 87 75 56 27 59 26 1 38 47 37 3 60 87 3 43 33 52 35 67 61 37 11 68 5 96 97 63 72 44 9
